1010 37
10 96
11 17
11100000 24
10101000 25
1110 48
01 27
11111000 22
10000000 76
11111111 13
11111110 66
1000 73
11101100 28
00 21
00001000 6
10100000 21
1111 16
0000 14
11111100 17
11110000 19
10101010 15
11001100 23
11000000 18
11101010 21
10101111 3
1100 38
1101 5
1011 10
11001000 28
00011111 2
11101110 14
10001000 19
11111010 11
11011000 1
10110000 1
11010101 2
11110001 1
0010 13
00000000 6
01010100 4
00000001 5
10001111 1
11110111 1
0101 4
11101111 5
0011 6
11100100 1
1001 1
01000000 3
0111 7
11111101 3
10001100 2
11101000 1
00100000 5
00110010 1
01110111 2
00010101 3
0100 5
11111011 5
0110 1
00010001 2
0001 6
10101011 2
10001010 1
11100010 1
10101100 1
00110011 1
00000111 1
00010000 1
00000100 2
11001111 1
01010111 2
10110011 3
00001110 2
01111111 3
01011111 1
11010000 1
11001110 1
10111011 1
10001101 2
00110111 1
11110011 1
