00 350
01 200
10 147
11 303
0000 119
0001 38
0010 46
0011 99
0100 33
0101 93
0111 80
1000 40
1010 88
1011 77
1100 59
1101 61
1110 51
1111 116
00000000 33
00000001 9
00000010 8
00000100 10
00000101 1
00001000 21
00001010 3
00001011 1
00001100 3
00001101 1
00001110 9
00001111 8
00010000 3
00010001 15
00010011 2
00010101 8
00011111 12
00100000 11
00100010 3
00100011 1
00101010 1
00101110 3
00101111 7
00110000 1
00110010 4
00110011 5
00110111 7
00111011 9
00111111 8
01000000 12
01000100 3
01000101 4
01001100 1
01001111 6
01010000 1
01010001 1
01010100 9
01010101 2
01011101 3
01011111 7
01110011 6
01110101 1
01110111 8
01111111 16
10000000 24
10001000 25
10001010 9
10001100 7
10001111 11
10100000 12
10100010 2
10101000 19
10101010 32
10101110 6
10101111 17
10110000 3
10110011 11
10111000 1
10111010 2
10111011 6
10111111 9
11000000 16
11000100 8
11001000 16
11001010 1
11001100 38
11001110 6
11001111 9
11010000 1
11010001 7
11010101 19
11011100 2
11011101 6
11011111 11
11100000 9
11100010 10
11100100 2
11101010 28
11101100 18
11101110 20
11101111 17
11110000 26
11110001 9
11110010 12
11110011 15
11110100 10
11110101 11
11110111 16
11111000 21
11111010 24
11111011 18
11111100 19
11111101 18
11111110 26
11111111 48
